#TITLE 示例曲 · 小星星 (多音轨演示)
#BPM 120

# —— 三音轨并行示例 ——
# 第一轨：旋律（高音）
T 旋律 | 1 1 5 5 | 6 6 5-- | 4 4 3 3 | 2 2 1-- | 5 5 4 4 | 3 3 2-- | 5 5 4 4 | 3 3 2-- | 1 1 5 5 | 6 6 5-- | 4 4 3 3 | 2 2 1--

# 第二轨：伴奏（中音区分解和弦）
T 伴奏 | [1,3,5] 0 [1,3,5] 0 | [4,6,1] 0 [4,6,1] 0 | [5,7,2] 0 [5,7,2] 0 | [5,7,2] 0 [5,7,2] 0 | [1,3,5] 0 [1,3,5] 0 | [2,4,6] 0 [2,4,6] 0 | [4,6,1] 0 [4,6,1] 0 | [5,7,2] 0 [5,7,2] 0 | [1,3,5] 0 [1,3,5] 0 | [4,6,1] 0 [4,6,1] 0 | [5,7,2] 0 [5,7,2] 0 | [1,3,5] 0 [1,3,5] 0

# 第三轨：贝斯（低音）
T 贝斯 | 1, 0 1, 0 | 4, 0 4, 0 | 5, 0 5, 0 | 5, 0 5, 0 | 1, 0 1, 0 | 2, 0 2, 0 | 4, 0 4, 0 | 5, 0 5, 0 | 1, 0 1, 0 | 4, 0 4, 0 | 5, 0 5, 0 | 1, 0 1, 0
